0
4
6
16
18
20
23
29
31
38
41
45
55
61
63
67
71
75
78
81
83
86
89
91
94
99
101
103
106
109
112
115
121
124
127
131
134
137
141
144
146
148
151
154
158
161
169
173
176
179
182
186
189
193
196
198
201
203
205
207
210
215
217
221
225
227
230
234
236
241
257
260
265
267
272
274
278
281
285
289
292
296
299
302
304
307
310
312
315
319
321
325
328
331
334
339
342
345
348
353
360
364
373
376
378
379
382
385
388
391
394
398
402
404
414
424
427
434
440
443
447
451
455
460
467
472
479
485
488
492
496
500
504
508
509
510
512
516
519
521
522
523
525
529
533
536
539
543
546
549
552
555
557
560
563
565
567
569
573
577
581
583
586
589
591
594
596
600
603
605
608
616
619
621
625
628
631
635
637
639
643
645
649
651
653
655
657
660
664
668
672
675
683
687
689
692
694
700
703
705
707
709
713
715
721
724
726
729
731
733
735
737
739
742
745
747
749
752
756
759
762
768
771
775
778
780
783
786
789
793
797
801
803
807
811
813
815
818
820
823
825
827
831
833
836
838
840
843
845
847
851
854
857
858
860
865
867
869
873
875
878
880
883
885
889
892
894
897
899
902
905
909
912
914
916
921
926
929
932
934
937
943
946
948
952
954
956
960
963
965
968
970
973
982
984
988
991
993
996
998
1003
1005
1007
1009
1014
1022
1024
1027
1031
1034
1037
1039
1042
1044
1046
1048
1050
1053
1055
1058
1061
1063
1065
1067
1069
1072
1076
1079
1082
1085
1087
1089
1091
1096
1098
1101
1107
1109
1113
1119
1124
1127
1129
1131
1135
1137
1139
1141
1146
1149
1153
1155
1158
1161
1163
1166
1168
1172
1177
1179
1182
1184
1187
1189
1192
1195
1198
1201
1203
1206
1209
1214
1219
1222
1225
1227
1229
1233
1235
1237
1241
1243
1245
1248
1250
1253
1255
1260
1263
1265
1267
1270
1272
1274
1278
1284
1291
1295
1303
1307
1314
1320
1323
1325
1328
1331
1335
1339
1343
1349
1360
1364
1369
1372
1374
1376
1378
1381
1384
1387
1389
1391
1396
1401
1405
1408
1411
1415
1417
1419
1423
1425
1427
1429
1432
1435
1437
1442
1445
1448
1451
1454
1457
1459
1462
1466
1469
1471
1474
1476
1478
1480
1482
1484
1487
1489
1491
1494
1497
1499
1502
1504
1506
1508
1512
1514
1516
1520
1522
1528
1530
1534
1536
1540
1542
1545
1550
1556
1560
1563
1566
1569
1573
1575
1578
1583
1586
1588
1591
1593
1596
1601
1605
1607
1609
1611
1613
1616
1619
1621
1623
1626
1629
1634
1638
1641
1646
1652
1657
1660
1663
1667
1670
1673
1675
1678
1681
1685
1688
1690
1692
1694
1696
1699
1704
1710
1712
1720
1723
1725
1727
1730
1732
1734
1737
1741
1745
1747
1750
1754
1757
1761
1764
1767
1770
1774
1776
1778
1782
1784
1786
1789
1792
1795
1797
1801
1804
1807
1810
1812
1815
1823
1826
1829
1833
1837
1839
1842
1844
1846
1849
1852
1855
1858
1861
1865
1869
1871
1873
1877
1879
1882
1886
1889
1893
1896
1899
1903
1907
1911
1913
1918
1920
1924
1927
1930
1933
1935
1937
1939
1942
1944
1948
1953
1957
1964
1966
1970
1974
1978
1980
1984
1986
1988
1991
1997
1999
2001
2007
2010
2013
2015
2017
2019
2023
2026
2037
2039
2041
2044
2046
2050
2053
2056
2060
2063
2065
2067
2069
2071
2073
2075
2077
2081
2083
2085
2088
2090
2093
2096
2100
2104
2109
2112
2115
2118
2121
2123
2125
2128
2130
2134
2137
2140
2144
2147
2153
2157
2159
2163
2171
2174
2178
2180
2184
2186
2190
2193
2196
2200
2203
2206
2210
2213
2218
2221
2224
2226
2228
2231
2234
2238
2240
2242
2245
2249
2251
2254
2257
2259
2265
2267
2269
2273
2277
2279
2282
2284
2287
2290
2295
2298
2308
2315
2317
2319
2328
2331
2334
2337
2341
2344
2346
2348
2350
2352
2355
2358
2361
2363
2366
2369
2372
2379
2381
2386
2391
2394
2396
2398
2400
2402
2406
2408
2410
2412
2414
2417
2420
2424
2427
2429
2431
2433
2436
2439
2441
2449
2453
2455
2458
2465
2467
2470
2472
2474
2476
2482
2486
2490
2496
2499
2503
2506
2508
2510
2512
2514
2517
2525
2530
2532
2534
2536
2540
2542
2545
2547
2551
2555
2557
2561
2563
2567
2570
2572
2575
2580
2582
2591
2594
2597
2600
2604
2606
2608
2610
2613
2625
2634
2640
2643
2646
2650
2653
2657
2663
2665
2669
2673
2675
2677
2680
2682
2685
2687
2690
2697
2699
2701
2704
2708
2712
2714
2717
2719
2721
2725
2729
2731
2733
2736
2738
2740
2749
2752
2754
2756
2758
2760
2762
2766
2769
2771
2774
2776
2779
2784
2787
2789
2792
2796
2799
2803
2805
2808
2810
2814
2816
2819
2822
2825
2827
2830
2833
2838
2845
2849
2851
2853
2856
2860
2866
2868
2871
2875
2878
2882
2884
2887
2890
2893
2897
2900
2902
2904
2907
2910
2913
2916
2919
2923
2925
2929
2935
2938
2941
2943
2946
2951
2954
2960
2962
2964
2973
2975
2978
2981
2983
2985
2987
2989
2994
2996
3000
3002
3004
3006
3008
3011
3013
3015
3018
3020
3022
3025
3028
3030
3033
3035
3040
3042
3044
3046
3049
3053
3055
3057
3059
3062
3064
3068
3070
3073
3075
3079
3082
3084
3092
3094
3096
3098
3102
3104
3110
3118
3121
3124
3127
3131
3134
3136
3139
3141
3146
3149
3152
3154
3156
3159
3161
3164
3167
3170
3173
3177
3180
3183
3186
3189
3193
3196
3198
3202
3204
3211
3215
3218
3222
3225
3229
3234
3239
3244
3248
3252
3264
3273
3276
3282
3285
3289
3291
3298
3301
3304
3307
3311
3314
3320
3323
3328
3331
3333
3338
3342
3345
3349
3352
3355
3359
3363
3365
3368
3371
3373
3379
3383
3386
3388
3391
3395
3400
3403
3406
3409
3412
3418
3421
3424
3426
3428
3432
3435
3438
3441
3443
3449
3451
3454
3456
3459
3461
3469
3474
3479
3482
3484
3488
3494
3496
3501
3504
3511
3514
3520
3524
3526
3529
3531
3534
3537
3539
3541
3546
3553
3566
3569
3574
3579
3583
3587
3589
3591
3596
3601
3605
3607
3612
3614
3617
3620
3624
3626
3628
3630
3632
3636
3640
3644
3647
3650
3652
3655
3658
3662
3666
3669
3671
3675
3678
3683
3687
3690
3693
3696
3700
3703
3705
3707
3709
3711
3718
3721
3723
3725
3727
3734
3736
3739
3742
3745
3747
3749
3751
3753
3757
3759
3762
3764
3766
3768
3772
3776
3778
3781
3784
3790
3793
3796
3802
3804
3808
3813
3816
3818
3821
3826
3832
3834
3837
3840
3843
3845
3847
3851
3853
3856
3858
3862
3865
3867
3869
3871
3873
3875
3878
3880
3883
3886
3888
3890
3894
3896
3900
3902
3905
3907
3910
3913
3916
3920
3924
3928
3931
3935
3937
3939
3942
3946
3950
3953
3957
3961
3965
3967
3969
3971
3974
3978
3981
3984
3987
3989
3992
3994
3996
3999
4002
4005
4007
4010
4013
4018
4022
4026
4029
4032
4035
4038
4051
4055
4059
4061
4068
4073
4078
4083
4089
4093
4096
4099
4102
4105
4109
4112
4115
4118
4124
4128
4132
4135
4137
4139
4142
4145
4148
4151
4154
4156
4159
4161
4163
4168
4171
4173
4178
4181
4184
4189
4192
4196
4198
4202
4207
4213
4215
4217
4219
4222
4227
4232
4235
4237
4241
4245
4250
4255
4258
4260
4262
4264
4267
4271
4274
4281
4285
4289
4297
4299
4302
4306
4309
4312
4316
4319
4322
4325
4329
4331
4335
4342
4345
4348
4351
4358
4361
4363
4367
4370
4373
4375
4378
4380
4382
4384
4386
4389
4397
4399
4403
4407
4410
4412
4415
4417
4419
4421
4423
4425
4428
4430
4433
4435
4440
4442
4445
4448
4451
4454
4456
4460
4465
4467
4471
4473
4477
4479
4481
4483
4486
4492
4494
4497
4499
4502
4505
4508
4511
4516
4518
4524
4526
4528
4531
4533
4536
4539
4542
4545
4548
4554
4557
4561
4563
4565
4568
4570
4576
4582
4584
4587
4589
4592
4596
4599
4602
4606
4609
4615
4617
4619
4623
4626
4629
4631
4633
4646
4649
4652
4654
4656
4662
4664
4666
4668
4671
4675
4677
4679
4688
4691
4695
4698
4700
4703
4705
4707
4711
4715
4718
4721
4723
4727
4730
4732
4735
4738
4741
4743
4746
4749
4753
4757
4759
4761
4765
4767
4769
4772
4774
4776
4778
4780
4782
4784
4790
4793
4797
4800
4802
4804
4806
4809
4811
4814
4817
4819
4821
4824
4827
4829
4831
4833
4835
4837
4840
4842
4845
4847
4849
4851
4857
4859
4862
4866
4869
4873
4875
4877
4879
4883
4885
4888
4893
4895
4897
4899
4901
4904
4906
4908
4910
4916
4920
4923
4925
4929
4932
4935
4938
4941
4944
4946
4949
4951
4954
4957
4959
4961
4969
4972
4975
4977
4980
4983
4985
4987
4990
4993
4997
5008
5011
5013
5017
5019
5021
5025
5027
5030
5033
5036
5038
5041
5044
5049
5051
5055
5058
5062
5064
5067
5069
5072
5075
5077
5079
5083
5088
5091
5095
5098
5100
5110
5113
5115
5119
5125
5129
5131
5135
5137
5139
5141
5143
5148
5150
5153
5155
5157
5159
5161
5163
5167
5170
5173
5175
5179
5181
5184
5187
5189
5193
5197
5199
5201
5203
5207
5211
5213
5216
5218
5221
5227
5229
5233
5236
5238
5240
5242
5246
5248
5250
5253
5255
5258
5262
5264
5267
5269
5271
5273
5277
5279
5283
5287
5289
5293
5296
5298
5301
5303
5305
5309
5311
5313
5321
5324
5327
5330
5332
5336
5338
5341
5343
5345
5348
5350
5354
5356
5360
5364
5368
5372
5374
5377
5382
5385
5387
5394
5396
5403
5407
5416
5418
5420
5422
5424
5426
5430
5433
5435
5439
5442
5446
5450
5452
5458
5462
5465
5467
5470
5472
5474
5476
5481
5483
5485
5489
5493
5496
5499
5501
5503
5507
5510
5513
5516
5518
5520
5524
5526
5529
5533
5535
5538
5541
5543
5546
5548
5552
5555
5559
5562
5565
5567
5569
5572
5575
5578
5581
5584
5588
5590
5592
5598
5600
5603
5605
5608
5611
5616
5619
5622
5624
5626
5629
5631
5634
5636
5638
5645
5647
5649
5653
5656
5658
5659
5661
5665
5668
5671
5673
5679
5681
5683
5685
5689
5692
5695
5699
5702
5705
5708
5711
5712
5715
5718
5722
5728
5735
5739
5742
5746
5750
5753
5756
5759
5761
5763
5765
5767
5772
5775
5778
5781
5784
5787
5791
5793
5798
5800
5803
5806
5809
5813
5815
5820
5823
5825
5829
5832
5835
5839
5841
5843
5847
5850
5853
5856
5859
5863
5866
5871
5875
5880
5883
5886
5888
5890
5892
5896
5899
5903
5905
5907
5912
5916
5918
5920
5922
5925
5928
5932
5935
5939
5944
5947
5950
5953
5956
5958
5960
5962
5966
5969
5973
5977
5984
5987
5990
5993
5996
6003
6008
6011
6014
6016
6020
6022
6026
6029
6033
6037
6040
6043
6045
6047
6050
6054
6056
6067
6071
6073
6076
6080
6083
6085
6088
6090
6092
6094
6097
6101
6104
6107
6109
6112
6116
6118
6121
6124
6126
6128
6130
6132
6134
6138
6142
6145
6149
6152
6156
6160
6163
6166
6169
6172
6175
6183
6186
6188
6192
6195
6199
6203
6205
6208
6212
6214
6218
6222
6226
6230
6233
6235
6239
6241
6248
6252
6256
6259
6264
6266
6269
6271
6273
6277
6280
6283
6285
6290
6294
6296
6299
6302
6306
6309
6312
6315
6318
6321
6324
6329
6332
6338
6345
6347
6350
6354
6357
6365
6369
6371
6373
6375
6377
6381
6384
6390
6392
6395
6397
6400
6403
6408
6410
6413
6415
6419
6422
6424
6425
6426
6427
6430
6433
6436
6439
6442
6445
6454
6457
6463
6465
6467
6469
6472
6475
6479
6481
6484
6487
6490
6492
6494
6497
6501
6504
6508
6513
6519
6522
6529
6534
6537
6541
6544
6547
6549
6554
6556
6559
6563
6566
6569
6571
6575
6581
6586
6588
6592
6594
6596
6599
6601
6603
6606
6608
6612
6614
6616
6619
6622
6626
6630
6633
6635
6639
6643
6649
6651
6654
6657
6659
6662
6666
6669
6672
6675
6679
6681
6684
6687
6690
6694
6697
6700
6704
6709
6716
6718
6722
6726
6729
6733
6740
6743
6747
6750
6754
6756
6758
6764
6768
6772
6777
6788
6790
6794
6799
6801
6804
6807
6810
6813
6816
6819
6822
6824
6830
6833
6836
6838
6841
6847
6851
6859
6862
6865
6874
6879
6881
6885
6887
6890
6893
6897
6901
6904
6907
6910
6912
6915
6919
6928
6931
6935
6938
6942
6944
6948
6950
6954
6957
6960
6963
6965
6969
6971
6975
6978
6980
6983
6986
6990
6992
6994
6996
7000
7005
7007
7010
7013
7016
7023
7028
7030
7034
7037
7040
7043
7046
7048
7054
7057
7061
7066
7071
7076
7081
7083
7089
7091
7095
7101
7104
7107
7109
7111
7113
7115
7117
7120
7124
7128
7131
7137
7148
7151
7153
7158
7160
7162
7164
7170
7172
7174
7177
7180
7183
7185
7189
7191
7193
7196
7200
7203
7207
7211
7219
7224
7226
7228
7231
7234
7236
7239
7241
7243
7245
7247
7249
7251
7254
7256
7261
7266
7272
7275
7279
7285
7287
7289
7292
7295
7299
7301
7305
7307
7312
7316
7318
7320
7323
7325
7327
7329
7333
7336
7339
7341
7343
7346
7349
7353
7356
7359
7362
7365
7368
7371
7373
7377
7384
7387
7389
7393
7396
7398
7400
7402
7405
7408
7410
7419
7421
7423
7426
7429
7431
7433
7437
7440
7443
7446
7449
7452
7455
7457
7460
7462
7464
7466
7468
7471
7475
7477
7481
7484
7487
7496
7498
7501
7504
7507
7511
7513
7515
7517
7519
7521
7524
7528
7531
7533
7535
7541
7543
7545
7548
7551
7553
7556
7558
7560
7562
7566
7568
7570
7572
7574
7577
7579
7582
7585
7588
7590
7593
7595
7597
7601
7604
7606
7608
7611
7615
7625
7628
7630
7633
7636
7640
7644
7646
7649
7652
7655
7658
7662
7665
7668
7671
7676
7681
7684
7686
7690
7692
7695
7697
7701
7705
7710
7715
7718
7721
7723
7728
7730
7733
7736
7738
7740
7742
7745
7749
7753
7758
7760
7762
7764
7766
7769
7778
7781
7783
7785
7787
7790
7792
7794
7796
7798
7801
7804
7807
7809
7811
7815
7818
7821
7825
7829
7834
7838
7840
7845
7849
7853
7855
7860
7865
7867
7870
7874
7878
7881
7885
7887
7889
7891
7894
7900
7903
7910
7914
7917
7919
7925
7931
7935
7941
7944
7946
7948
7951
7954
7957
7960
7963
7967
7972
7974
7977
7981
7990
7993
7996
7999
8002
8004
8007
8010
8012
8018
8020
8023
8025
8027
8030
8033
8037
8039
8044
8047
8049
8052
8054
8057
8060
8064
8067
8070
8072
8078
8080
8082
8088
8090
8092
8094
8098
8101
8105
8107
8111
8121
8123
8125
8128
8130
8132
8136
8138
8143
8146
8150
8153
8155
8159
8163
8166
8169
8174
8178
8180
8182
8184
8186
8190
8192
8196
8199
8202
8204
8207
8209
8211
8214
8217
8220
8223
8230
8233
8236
8238
8240
8245
8248
8251
8255
8258
8261
8264
8266
8268
8272
8274
8276
8279
8282
8284
8286
8290
8293
8297
8300
8302
8305
8310
8313
8319
8322
8326
8329
8333
8337
8341
8346
8350
8355
8360
8363
8366
8369
8373
8381
8384
8390
8393
8398
8406
8410
8414
8419
8423
8427
8434
8441
8445
8455
8459
8470
8475
8483
8488
8503
8506
8510
8514
8519
8523
8527
8533
8539
8545
8549
8554
8558
8562
8566
8571
8577
8581
8584
8589
8593
8597
8601
8604
8609
8614
8617
8621
8624
8627
8631
8635
8639
8643
8647
8650
8654
8658
8662
8665
8669
8672
8677
8680
8683
8686
8689
8694
8698
8702
8707
8711
8715
8718
8721
8727
8732
8735
8739
8743
8747
8753
8756
8760
8763
8767
8774
8780
8784
8787
8790
8794
8798
8803
8806
8810
8816
8821
8825
8832
8836
8840
8843
8849
8853
8858
8865
8875
8880
8884
8888
8892
8895
8898
8901
8904
8907
8910
8915
8918
8927
8931
8934
8937
8941
8945
8951
8956
8972
8976
8982
8995
8997
9001
9003
9006
9011
9016
9021
9027
9033
9037
9046
9053
9059
9064
9070
9076
9079
9082
9086
9091
9095
9098
9101
9104
9108
9112
9118
9124
9127
9131
9135
9139
9142
9146
9149
9153
9157
9161
9165
9168
9171
9174
9177
9180
9184
9187
9191
9195
9198
9201
9207
9212
9216
9220
9223
9226
9229
9232
9236
9239
9243
9246
9250
9253
9257
9260
9264
9267
9271
9275
9279
9282
9286
9289
9292
9296
9300
9304
9308
9312
9316
9320
9324
9327
9330
9334
9337
9342
9353
9360
9370
9377
9391
9395
9399
9403
9407
9412
9417
9422
9428
9433
9436
9440
9444
9447
9450
9455
9460
9463
9467
9471
9476
9480
9486
9489
9493
9496
9499
9502
9506
9510
9513
9517
9520
9525
9528
9532
9535
9539
9542
9546
9549
9554
9558
9562
9566
9570
9575
9579
9582
9586
9591
9595
9599
9602
9606
9610
9613
9617
9620
9624
9627
9631
9635
9638
9641
9646
9650
9653
9656
9659
9663
9667
9671
9674
9677
9680
9683
9688
9693
9698
9701
9704
9709
9713
9717
9720
9724
9730
9733
9737
9740
9743
9747
9750
9754
9756
9759
9764
9768
9772